freq	gain
0.000000000000000e+000	1.347320e-002
1.000000000000000e+003	1.416190e-002
2.000000000000000e+003	2.715520e-002
3.000000000000000e+003	2.163690e-002
4.000000000000000e+003	5.359170e-002
5.000000000000000e+003	4.541740e-002
6.000000000000000e+003	1.642260e-001
7.000000000000000e+003	1.801670e-001
8.000000000000000e+003	2.936220e-002
9.000000000000000e+003	9.685760e-002
1.000000000000000e+004	2.396060e-002
1.100000000000000e+004	3.067990e-001
1.200000000000000e+004	5.368990e-002
1.300000000000000e+004	1.588860e-002
1.400000000000000e+004	5.359610e-002
1.500000000000000e+004	2.578430e-001
1.600000000000000e+004	3.762030e-001
1.700000000000000e+004	9.056600e-002
1.800000000000000e+004	2.922950e-002
1.900000000000000e+004	1.585290e-002
2.000000000000000e+004	1.576590e-002
2.100000000000000e+004	2.781890e-002
2.200000000000000e+004	6.025530e-002
2.300000000000000e+004	1.222100e-001
2.400000000000000e+004	2.414020e-001
2.500000000000000e+004	4.988550e-001
2.600000000000000e+004	8.641130e-001
2.700000000000000e+004	5.603610e-001
2.800000000000000e+004	2.932380e-001
2.900000000000000e+004	1.723310e-001
3.000000000000000e+004	1.103020e-001
3.100000000000000e+004	7.399740e-002
3.200000000000000e+004	5.142430e-002
3.300000000000000e+004	3.689990e-002
3.400000000000000e+004	2.699190e-002
3.500000000000000e+004	2.086640e-002
3.600000000000000e+004	1.747490e-002
3.700000000000000e+004	1.566490e-002
3.800000000000000e+004	1.488280e-002
3.900000000000000e+004	1.441290e-002
4.000000000000000e+004	1.426470e-002
4.100000000000000e+004	1.449890e-002
4.200000000000000e+004	1.532990e-002
4.300000000000000e+004	1.687920e-002
4.400000000000000e+004	1.934540e-002
4.500000000000000e+004	2.299090e-002
4.600000000000000e+004	2.761680e-002
4.700000000000000e+004	3.305140e-002
4.800000000000000e+004	3.950460e-002
4.900000000000000e+004	4.665140e-002
5.000000000000000e+004	5.511460e-002
5.100000000000000e+004	6.409090e-002
5.200000000000000e+004	7.488820e-002
5.300000000000000e+004	8.556450e-002
5.400000000000000e+004	9.663720e-002
5.500000000000000e+004	1.107320e-001
5.600000000000000e+004	1.246040e-001
5.700000000000000e+004	1.410720e-001
5.800000000000000e+004	1.593670e-001
5.900000000000000e+004	1.794600e-001
6.000000000000000e+004	2.022070e-001
6.100000000000000e+004	2.273790e-001
6.200000000000000e+004	2.562720e-001
6.300000000000000e+004	2.886730e-001
6.400000000000000e+004	3.255720e-001
6.500000000000000e+004	3.676800e-001
6.600000000000000e+004	4.167240e-001
6.700000000000000e+004	4.744580e-001
6.800000000000000e+004	5.412980e-001
6.900000000000000e+004	6.224000e-001
7.000000000000000e+004	7.194440e-001
7.100000000000000e+004	8.388270e-001
7.200000000000000e+004	9.869860e-001
7.300000000000000e+004	1.173460e+000
7.400000000000000e+004	1.403630e+000
7.500000000000000e+004	1.690540e+000
7.600000000000000e+004	2.035340e+000
7.700000000000000e+004	2.391900e+000
7.800000000000000e+004	2.646270e+000
7.900000000000000e+004	2.632540e+000
8.000000000000000e+004	2.314950e+000
8.100000000000000e+004	1.965250e+000
8.200000000000000e+004	1.664310e+000
8.300000000000000e+004	1.417790e+000
8.400000000000000e+004	1.225330e+000
8.500000000000000e+004	1.070150e+000
8.600000000000000e+004	9.469690e-001
8.700000000000000e+004	8.477350e-001
8.800000000000000e+004	7.630240e-001
8.900000000000000e+004	6.934010e-001
9.000000000000000e+004	6.353810e-001
9.100000000000000e+004	5.855870e-001
9.200000000000000e+004	5.420140e-001
9.300000000000000e+004	5.041320e-001
9.400000000000000e+004	4.709720e-001
9.500000000000000e+004	4.414890e-001
9.600000000000000e+004	4.153230e-001
9.700000000000000e+004	3.920810e-001
9.800000000000000e+004	3.708490e-001
9.900000000000000e+004	3.517470e-001
1.000000000000000e+005	3.343890e-001
1.010000000000000e+005	3.184010e-001
1.020000000000000e+005	3.040010e-001
1.030000000000000e+005	2.906110e-001
1.040000000000000e+005	2.783560e-001
1.050000000000000e+005	2.669150e-001
1.060000000000000e+005	2.564010e-001
1.070000000000000e+005	2.465370e-001
1.080000000000000e+005	2.374550e-001
1.090000000000000e+005	2.288020e-001
1.100000000000000e+005	2.208550e-001
1.110000000000000e+005	2.133720e-001
1.120000000000000e+005	2.062170e-001
1.130000000000000e+005	1.996490e-001
1.140000000000000e+005	1.934990e-001
1.150000000000000e+005	1.876800e-001
1.160000000000000e+005	1.820080e-001
1.170000000000000e+005	1.768810e-001
1.180000000000000e+005	1.718450e-001
1.190000000000000e+005	1.670260e-001
1.200000000000000e+005	1.626130e-001
1.210000000000000e+005	1.582540e-001
1.220000000000000e+005	1.542170e-001
1.230000000000000e+005	1.503680e-001
1.240000000000000e+005	1.467160e-001
1.250000000000000e+005	1.431640e-001
1.260000000000000e+005	1.396350e-001
1.270000000000000e+005	1.364510e-001
1.280000000000000e+005	1.333890e-001
1.290000000000000e+005	1.304790e-001
1.300000000000000e+005	1.278640e-001
1.310000000000000e+005	1.252660e-001
1.320000000000000e+005	1.224040e-001
1.330000000000000e+005	1.196590e-001
1.340000000000000e+005	1.171110e-001
1.350000000000000e+005	1.150080e-001
1.360000000000000e+005	1.128000e-001
1.370000000000000e+005	1.105020e-001
1.380000000000000e+005	1.084390e-001
1.390000000000000e+005	1.065510e-001
1.400000000000000e+005	1.050710e-001
1.410000000000000e+005	1.028800e-001
1.420000000000000e+005	1.010370e-001
1.430000000000000e+005	9.912970e-002
1.440000000000000e+005	9.823620e-002
1.450000000000000e+005	9.635420e-002
1.460000000000000e+005	9.512620e-002
1.470000000000000e+005	9.286800e-002
1.480000000000000e+005	9.159440e-002
1.490000000000000e+005	9.032230e-002
1.500000000000000e+005	8.919960e-002
1.510000000000000e+005	8.772410e-002
1.520000000000000e+005	8.655730e-002
1.530000000000000e+005	8.493170e-002
1.540000000000000e+005	8.427460e-002
1.550000000000000e+005	8.330520e-002
1.560000000000000e+005	8.275530e-002
1.570000000000000e+005	8.083970e-002
1.580000000000000e+005	7.986430e-002
1.590000000000000e+005	7.848030e-002
1.600000000000000e+005	7.835250e-002
1.610000000000000e+005	7.743200e-002
1.620000000000000e+005	7.603860e-002
1.630000000000000e+005	7.569850e-002
1.640000000000000e+005	7.373410e-002
1.650000000000000e+005	7.364720e-002
1.660000000000000e+005	7.279290e-002
1.670000000000000e+005	7.141420e-002
1.680000000000000e+005	7.008010e-002
1.690000000000000e+005	6.927630e-002
1.700000000000000e+005	6.881380e-002
1.710000000000000e+005	6.746340e-002
1.720000000000000e+005	6.734410e-002
1.730000000000000e+005	6.610040e-002
1.740000000000000e+005	6.538910e-002
1.750000000000000e+005	6.524360e-002
1.760000000000000e+005	6.442520e-002
1.770000000000000e+005	6.284220e-002
1.780000000000000e+005	6.278420e-002
1.790000000000000e+005	6.167550e-002
1.800000000000000e+005	6.082750e-002
1.810000000000000e+005	6.044930e-002
1.820000000000000e+005	6.015840e-002
1.830000000000000e+005	5.938580e-002
1.840000000000000e+005	5.849900e-002
1.850000000000000e+005	5.832830e-002
1.860000000000000e+005	5.715830e-002
1.870000000000000e+005	5.690480e-002
1.880000000000000e+005	5.635160e-002
1.890000000000000e+005	5.551410e-002
1.900000000000000e+005	5.540590e-002
1.910000000000000e+005	5.441320e-002
1.920000000000000e+005	5.437250e-002
1.930000000000000e+005	5.360770e-002
1.940000000000000e+005	5.306900e-002
1.950000000000000e+005	5.257420e-002
1.960000000000000e+005	5.243060e-002
1.970000000000000e+005	5.166380e-002
1.980000000000000e+005	5.154920e-002
1.990000000000000e+005	4.984020e-002
2.000000000000000e+005	5.041590e-002
2.010000000000000e+005	4.906360e-002
2.020000000000000e+005	4.873920e-002
2.030000000000000e+005	4.848490e-002
2.040000000000000e+005	4.791170e-002
2.050000000000000e+005	4.749740e-002
2.060000000000000e+005	4.712320e-002
2.070000000000000e+005	4.671820e-002
2.080000000000000e+005	4.676020e-002
2.090000000000000e+005	4.600950e-002
2.100000000000000e+005	4.565640e-002
2.110000000000000e+005	4.538790e-002
2.120000000000000e+005	4.511810e-002
2.130000000000000e+005	4.470590e-002
2.140000000000000e+005	4.432210e-002
2.150000000000000e+005	4.397260e-002
2.160000000000000e+005	4.369450e-002
2.170000000000000e+005	4.338020e-002
2.180000000000000e+005	4.323940e-002
2.190000000000000e+005	4.271570e-002
2.200000000000000e+005	4.246960e-002
2.210000000000000e+005	4.220760e-002
2.220000000000000e+005	4.191660e-002
2.230000000000000e+005	4.162690e-002
2.240000000000000e+005	4.129550e-002
2.250000000000000e+005	4.100130e-002
2.260000000000000e+005	4.095230e-002
2.270000000000000e+005	4.054980e-002
2.280000000000000e+005	4.025220e-002
2.290000000000000e+005	4.000990e-002
2.300000000000000e+005	3.972710e-002
2.310000000000000e+005	3.962730e-002
2.320000000000000e+005	3.941960e-002
2.330000000000000e+005	3.961000e-002
2.340000000000000e+005	3.890740e-002
2.350000000000000e+005	3.879600e-002
2.360000000000000e+005	3.852960e-002
2.370000000000000e+005	3.821380e-002
2.380000000000000e+005	3.806880e-002
2.390000000000000e+005	3.784800e-002
2.400000000000000e+005	3.761710e-002
2.410000000000000e+005	3.740890e-002
2.420000000000000e+005	3.737570e-002
2.430000000000000e+005	3.704740e-002
2.440000000000000e+005	3.685900e-002
2.450000000000000e+005	3.664150e-002
2.460000000000000e+005	3.652390e-002
2.470000000000000e+005	3.635760e-002
2.480000000000000e+005	3.657300e-002
2.490000000000000e+005	3.599340e-002
2.500000000000000e+005	3.584240e-002
2.510000000000000e+005	3.586200e-002
2.520000000000000e+005	3.549480e-002
2.530000000000000e+005	3.534970e-002
2.540000000000000e+005	3.535930e-002
2.550000000000000e+005	3.499790e-002
2.560000000000000e+005	3.488030e-002
2.570000000000000e+005	3.472000e-002
2.580000000000000e+005	3.457710e-002
2.590000000000000e+005	3.444720e-002
2.600000000000000e+005	3.430290e-002
2.610000000000000e+005	3.413020e-002
2.620000000000000e+005	3.400150e-002
2.630000000000000e+005	3.382370e-002
2.640000000000000e+005	3.371150e-002
2.650000000000000e+005	3.385940e-002
2.660000000000000e+005	3.361410e-002
2.670000000000000e+005	3.333460e-002
2.680000000000000e+005	3.316790e-002
2.690000000000000e+005	3.301270e-002
2.700000000000000e+005	3.291970e-002
2.710000000000000e+005	3.275190e-002
2.720000000000000e+005	3.260860e-002
2.730000000000000e+005	3.249030e-002
2.740000000000000e+005	3.237620e-002
2.750000000000000e+005	3.238550e-002
2.760000000000000e+005	3.215340e-002
2.770000000000000e+005	3.200840e-002
2.780000000000000e+005	3.198050e-002
2.790000000000000e+005	3.175140e-002
2.800000000000000e+005	3.168380e-002
2.810000000000000e+005	3.156570e-002
2.820000000000000e+005	3.147460e-002
2.830000000000000e+005	3.134380e-002
2.840000000000000e+005	3.134600e-002
2.850000000000000e+005	3.121050e-002
2.860000000000000e+005	3.105110e-002
2.870000000000000e+005	3.104360e-002
2.880000000000000e+005	3.086690e-002
2.890000000000000e+005	3.077290e-002
2.900000000000000e+005	3.067860e-002
2.910000000000000e+005	3.059070e-002
2.920000000000000e+005	3.046890e-002
2.930000000000000e+005	3.030290e-002
2.940000000000000e+005	3.043650e-002
2.950000000000000e+005	3.020500e-002
2.960000000000000e+005	3.009610e-002
2.970000000000000e+005	3.003740e-002
2.980000000000000e+005	2.992430e-002
2.990000000000000e+005	2.991750e-002
3.000000000000000e+005	2.972490e-002
3.010000000000000e+005	2.966980e-002
